0 0 0 0 -,0 0 0 0 0 0 0 0 0 0 0,000000 0 0 0 0 0 0 0
24 -7 227 37 Arial Black,22 0 0 0 0 0 0 150 150 150 0,000000 23 0 0 0 1 1 0
0 0 0 0 -,0 0 0 0 0 0 0 0 0 0 0,000000 0 0 0 0 0 0 0
0 0 0 0 -,0 0 0 0 0 0 0 0 0 0 0,000000 0 0 0 0 0 0 0
0 0 0 0 -,0 0 0 0 0 0 0 0 0 0 0,000000 0 0 0 0 0 0 0
0 0 0 0 -,0 0 0 0 0 0 0 0 0 0 0,000000 0 0 0 0 0 0 0
0 0 0 0 -,0 0 0 0 0 0 0 0 0 0 0,000000 0 0 0 0 0 0 0
0 0 0 0 -,0 0 0 0 0 0 0 0 0 0 0,000000 0 0 0 0 0 0 0
0 0 0 0 -,0 0 0 0 0 0 0 0 0 0 0,000000 0 0 0 0 0 0 0
0 0 0 0 -,0 0 0 0 0 0 0 0 0 0 0,000000 0 0 0 0 0 0 0
0 0 0 0 -,0 0 0 0 0 0 0 0 0 0 0,000000 0 0 0 0 0 0 0
0 0 0 0 -,0 0 0 0 0 0 0 0 0 0 0,000000 0 0 0 0 0 0 0
0 0 0 0 -,0 0 0 0 0 0 0 0 0 0 0,000000 0 0 0 0 0 0 0
-6 -7 28 28 Arial,14 0 1 0 0 700 0 100 100 100 0,000000 -27 0 0 0 4 1 1
0 0 0 0 -,0 0 0 0 0 0 0 0 0 0 0,000000 0 0 0 0 0 0 0
0 0 0 0 -,0 0 0 0 0 0 0 0 0 0 0,000000 0 0 0 0 0 0 0
0 0 0 0 -,0 0 0 0 0 0 0 0 0 0 0,000000 0 0 0 0 0 0 0
-6 -7 28 28 Arial,14 0 1 0 0 700 0 100 100 100 0,000000 -27 0 0 0 4 1 1
0 0 0 0 -,0 0 0 0 0 0 0 0 0 0 0,000000 0 0 0 0 0 0 0
0 0 0 0 -,0 0 0 0 0 0 0 0 0 0 0,000000 0 0 0 0 0 0 0
0 0 0 0 -,0 0 0 0 0 0 0 0 0 0 0,000000 0 0 0 0 0 0 0
-2 -7 25 28 Arial,14 0 1 0 0 700 0 100 100 100 0,000000 -27 0 0 0 4 1 1
0 0 0 0 -,0 0 0 0 0 0 0 0 0 0 0,000000 0 0 0 0 0 0 0
0 0 0 0 -,0 0 0 0 0 0 0 0 0 0 0,000000 0 0 0 0 0 0 0
0 0 0 0 -,0 0 0 0 0 0 0 0 0 0 0,000000 0 0 0 0 0 0 0
-2 -7 25 28 Arial,14 0 1 0 0 700 0 100 100 100 0,000000 -27 0 0 0 4 1 1
0 0 0 0 -,0 0 0 0 0 0 0 0 0 0 0,000000 0 0 0 0 0 0 0
0 0 0 0 -,0 0 0 0 0 0 0 0 0 0 0,000000 0 0 0 0 0 0 0
0 0 0 0 -,0 0 0 0 0 0 0 0 0 0 0,000000 0 0 0 0 0 0 0
0 0 0 0 -,0 0 0 0 0 0 0 0 0 0 0,000000 0 0 0 0 0 0 0
-6 -7 28 28 Arial,14 0 1 0 0 700 0 100 100 100 0,000000 -27 0 0 0 4 1 1
0 0 0 0 -,0 0 0 0 0 0 0 0 0 0 0,000000 0 0 0 0 0 0 0
0 0 0 0 -,0 0 0 0 0 0 0 0 0 0 0,000000 0 0 0 0 0 0 0
0 0 0 0 -,0 0 0 0 0 0 0 0 0 0 0,000000 0 0 0 0 0 0 0
-6 -7 28 28 Arial,14 0 1 0 0 700 0 100 100 100 0,000000 -27 0 0 0 4 1 1
0 0 0 0 -,0 0 0 0 0 0 0 0 0 0 0,000000 0 0 0 0 0 0 0
0 0 0 0 -,0 0 0 0 0 0 0 0 0 0 0,000000 0 0 0 0 0 0 0
0 0 0 0 -,0 0 0 0 0 0 0 0 0 0 0,000000 0 0 0 0 0 0 0
-2 -7 25 28 Arial,14 0 1 0 0 700 0 100 100 100 0,000000 -27 0 0 0 4 1 1
0 0 0 0 -,0 0 0 0 0 0 0 0 0 0 0,000000 0 0 0 0 0 0 0
0 0 0 0 -,0 0 0 0 0 0 0 0 0 0 0,000000 0 0 0 0 0 0 0
0 0 0 0 -,0 0 0 0 0 0 0 0 0 0 0,000000 0 0 0 0 0 0 0
-2 -7 25 28 Arial,14 0 1 0 0 700 0 100 100 100 0,000000 -27 0 0 0 4 1 1
0 0 0 0 -,0 0 0 0 0 0 0 0 0 0 0,000000 0 0 0 0 0 0 0
0 0 0 0 -,0 0 0 0 0 0 0 0 0 0 0,000000 0 0 0 0 0 0 0
0 0 0 0 -,0 0 0 0 0 0 0 0 0 0 0,000000 0 0 0 0 0 0 0
0 0 0 0 -,0 0 0 0 0 0 0 0 0 0 0,000000 0 0 0 0 0 0 0
-6 -7 28 28 Arial,14 0 1 0 0 700 0 100 100 100 0,000000 -27 0 0 0 4 1 1
0 0 0 0 -,0 0 0 0 0 0 0 0 0 0 0,000000 0 0 0 0 0 0 0
0 0 0 0 -,0 0 0 0 0 0 0 0 0 0 0,000000 0 0 0 0 0 0 0
0 0 0 0 -,0 0 0 0 0 0 0 0 0 0 0,000000 0 0 0 0 0 0 0
-6 -7 28 28 Arial,14 0 1 0 0 700 0 100 100 100 0,000000 -27 0 0 0 4 1 1
0 0 0 0 -,0 0 0 0 0 0 0 0 0 0 0,000000 0 0 0 0 0 0 0
0 0 0 0 -,0 0 0 0 0 0 0 0 0 0 0,000000 0 0 0 0 0 0 0
0 0 0 0 -,0 0 0 0 0 0 0 0 0 0 0,000000 0 0 0 0 0 0 0
-2 -7 25 28 Arial,14 0 1 0 0 700 0 100 100 100 0,000000 -27 0 0 0 4 1 1
0 0 0 0 -,0 0 0 0 0 0 0 0 0 0 0,000000 0 0 0 0 0 0 0
0 0 0 0 -,0 0 0 0 0 0 0 0 0 0 0,000000 0 0 0 0 0 0 0
0 0 0 0 -,0 0 0 0 0 0 0 0 0 0 0,000000 0 0 0 0 0 0 0
-2 -7 25 28 Arial,14 0 1 0 0 700 0 100 100 100 0,000000 -27 0 0 0 4 1 1
0 0 0 0 -,0 0 0 0 0 0 0 0 0 0 0,000000 0 0 0 0 0 0 0
0 0 0 0 -,0 0 0 0 0 0 0 0 0 0 0,000000 0 0 0 0 0 0 0
0 0 0 0 -,0 0 0 0 0 0 0 0 0 0 0,000000 0 0 0 0 0 0 0
0 0 0 0 -,0 0 0 0 0 0 0 0 0 0 0,000000 0 0 0 0 0 0 0
97 -7 157 30 Arial,16 0 1 0 0 0 0 100 100 100 0,000000 -15 0 0 0 4 1 0
0 0 0 0 -,0 0 0 0 0 0 0 0 0 0 0,000000 0 0 0 0 0 0 0
73 -3 107 32 Arial,14 0 1 0 0 700 0 100 100 100 0,000000 -5 0 0 0 7 1 1
0 0 0 0 -,0 0 0 0 0 0 0 0 0 0 0,000000 0 0 0 0 0 0 0
0 0 0 0 -,0 0 0 0 0 0 0 0 0 0 0,000000 0 0 0 0 0 0 0
0 0 0 0 -,0 0 0 0 0 0 0 0 0 0 0,000000 0 0 0 0 0 0 0
0 0 0 0 -,0 0 0 0 0 0 0 0 0 0 0,000000 0 0 0 0 0 0 0
21 -5 83 32 Segoe UI,16 0 0 0 0 0 0 200 200 200 0,000000 21 -5 0 0 1 1 0
21 -5 71 32 Segoe UI,16 0 0 0 0 0 0 200 200 200 0,000000 21 -5 0 0 1 1 0
21 -5 75 32 Segoe UI,16 0 0 0 0 0 0 200 200 200 0,000000 21 -5 0 0 1 1 0
21 -5 71 32 Segoe UI,16 0 0 0 0 0 0 200 200 200 0,000000 21 -5 0 0 1 1 0
21 -5 71 32 Segoe UI,16 0 0 0 0 0 0 200 200 200 0,000000 21 -5 0 0 1 1 0
0 0 0 0 -,0 0 0 0 0 0 0 0 0 0 0,000000 0 0 0 0 0 0 0
24 -6 93 35 Arial black,20 0 0 0 0 0 0 150 150 150 0,000000 23 0 0 0 1 1 0
0 0 0 0 -,0 0 0 0 0 0 0 0 0 0 0,000000 0 0 0 0 0 0 0
397 -4 488 33 calibri,16 0 0 0 0 0 0 180 180 180 0,000000 0 0 0 0 4 1 0
0 0 0 0 -,0 0 0 0 0 0 0 0 0 0 0,000000 0 0 0 0 0 0 0
9 -1 35 32 Segoe UI,12 0 0 0 0 0 0 200 200 200 0,000000 0 0 0 0 4 1 0
9 -1 35 32 Segoe UI,12 0 0 0 0 0 0 200 200 200 0,000000 0 0 0 0 4 1 0
9 -1 35 32 Segoe UI,12 0 0 0 0 0 0 200 200 200 0,000000 0 0 0 0 4 1 0
9 -1 35 32 Segoe UI,12 0 0 0 0 0 0 200 200 200 0,000000 0 0 0 0 4 1 0
0 0 0 0 -,0 0 0 0 0 0 0 0 0 0 0,000000 0 0 0 0 0 0 0
0 0 0 0 -,0 0 0 0 0 0 0 0 0 0 0,000000 0 0 0 0 0 0 0
0 0 0 0 -,0 0 0 0 0 0 0 0 0 0 0,000000 0 0 0 0 0 0 0
0 0 0 0 -,0 0 0 0 0 0 0 0 0 0 0,000000 0 0 0 0 0 0 0
0 0 0 0 -,0 0 0 0 0 0 0 0 0 0 0,000000 0 0 0 0 0 0 0
0 0 0 0 -,0 0 0 0 0 0 0 0 0 0 0,000000 0 0 0 0 0 0 0
215 -6 242 29 Arial,14 0 1 0 0 700 0 100 100 100 0,000000 -5 0 0 0 7 1 1
0 0 0 0 -,0 0 0 0 0 0 0 0 0 0 0,000000 0 0 0 0 0 0 0
0 0 0 0 -,0 0 0 0 0 0 0 0 0 0 0,000000 0 0 0 0 0 0 0
215 -6 242 29 Arial,14 0 1 0 0 700 0 100 100 100 0,000000 -5 0 0 0 7 1 1
0 0 0 0 -,0 0 0 0 0 0 0 0 0 0 0,000000 0 0 0 0 0 0 0
0 0 0 0 -,0 0 0 0 0 0 0 0 0 0 0,000000 0 0 0 0 0 0 0
201 -6 242 29 Arial,14 0 1 0 0 700 0 100 100 100 0,000000 -5 0 0 0 7 1 1
0 0 0 0 -,0 0 0 0 0 0 0 0 0 0 0,000000 0 0 0 0 0 0 0
0 0 0 0 -,0 0 0 0 0 0 0 0 0 0 0,000000 0 0 0 0 0 0 0
215 -6 242 29 Arial,14 0 1 0 0 700 0 100 100 100 0,000000 -5 0 0 0 7 1 1
0 0 0 0 -,0 0 0 0 0 0 0 0 0 0 0,000000 0 0 0 0 0 0 0
0 0 0 0 -,0 0 0 0 0 0 0 0 0 0 0,000000 0 0 0 0 0 0 0
215 -6 242 29 Arial,14 0 1 0 0 700 0 100 100 100 0,000000 -5 0 0 0 7 1 1
0 0 0 0 -,0 0 0 0 0 0 0 0 0 0 0,000000 0 0 0 0 0 0 0
0 0 0 0 -,0 0 0 0 0 0 0 0 0 0 0,000000 0 0 0 0 0 0 0
98 -5 142 28 Segoe UI,12 0 0 0 0 0 0 200 200 200 0,000000 0 0 0 0 4 1 0
98 -5 142 28 Segoe UI,12 0 0 0 0 0 0 200 200 200 0,000000 0 0 0 0 4 1 0
106 -6 133 29 Arial,14 0 1 0 0 700 0 100 100 100 0,000000 0 0 0 0 4 1 1
0 0 0 0 -,0 0 0 0 0 0 0 0 0 0 0,000000 0 0 0 0 0 0 0
0 0 0 0 -,0 0 0 0 0 0 0 0 0 0 0,000000 0 0 0 0 0 0 0
88 -6 151 29 Arial,14 0 1 0 0 700 0 100 100 100 0,000000 0 0 0 0 4 1 1
0 0 0 0 -,0 0 0 0 0 0 0 0 0 0 0,000000 0 0 0 0 0 0 0
0 0 0 0 -,0 0 0 0 0 0 0 0 0 0 0,000000 0 0 0 0 0 0 0
64 -5 176 28 Segoe UI,12 0 0 0 0 0 0 200 200 200 0,000000 0 0 0 0 4 1 0
48 -5 191 28 Segoe UI,12 0 0 0 0 0 0 200 200 200 0,000000 0 0 0 0 4 1 0
93 -5 146 28 Segoe UI,12 0 0 0 0 0 0 200 200 200 0,000000 0 0 0 0 4 1 0
93 -5 146 28 Segoe UI,12 0 0 0 0 0 0 200 200 200 0,000000 0 0 0 0 4 1 0
0 0 0 0 -,0 0 0 0 0 0 0 0 0 0 0,000000 0 0 0 0 0 0 0
0 0 0 0 -,0 0 0 0 0 0 0 0 0 0 0,000000 0 0 0 0 0 0 0
0 0 0 0 -,0 0 0 0 0 0 0 0 0 0 0,000000 0 0 0 0 0 0 0
0 0 0 0 -,0 0 0 0 0 0 0 0 0 0 0,000000 0 0 0 0 0 0 0
58 7 124 44 calibri,16 0 1 0 0 0 0 220 220 220 0,000000 0 0 0 0 4 1 0
0 0 0 0 -,0 0 0 0 0 0 0 0 0 0 0,000000 0 0 0 0 0 0 0
0 0 0 0 -,0 0 0 0 0 0 0 0 0 0 0,000000 0 0 0 0 0 0 0
0 0 0 0 -,0 0 0 0 0 0 0 0 0 0 0,000000 0 0 0 0 0 0 0
