1920 1080
148 40 1479 907
3 0 237 30
1365 0 94 31
1 1 28 28
30 1 28 28
58 1 28 28
-184 99 199 150
0 31 1920 1080
0 34 258 772
1 1 1470 31
260 34 958 772
1219 34 243 772
3 0 485 28
3 3 105 22
52 3 16 16
69 3 16 16
85 3 16 16
112 3 105 22
52 3 16 16
69 3 16 16
85 3 16 16
222 3 105 22
52 3 16 16
69 3 16 16
85 3 16 16
331 3 105 22
52 3 16 16
69 3 16 16
85 3 16 16
491 0 328 28
3 3 105 22
52 3 16 16
69 3 16 16
85 3 16 16
112 3 105 22
52 3 16 16
69 3 16 16
85 3 16 16
222 3 105 22
52 3 16 16
69 3 16 16
85 3 16 16
331 3 105 22
52 3 16 16
69 3 16 16
85 3 16 16
823 0 636 28
3 3 105 22
52 3 16 16
69 3 16 16
85 3 16 16
112 3 105 22
52 3 16 16
69 3 16 16
85 3 16 16
222 3 105 22
52 3 16 16
69 3 16 16
85 3 16 16
331 3 105 22
52 3 16 16
69 3 16 16
85 3 16 16
0 839 1477 52
589 15 300 24
277 1 21 21
1254 0 105 30
3 3 24 24
27 3 24 24
521 0 421 30
721 -5 240 382
0 0 93 43
93 0 81 43
174 0 85 43
259 0 81 43
340 0 81 43
259 80 900 750
3 0 103 30
9 33 874 670
1 703 885 30
348 0 186 31
0 0 45 31
46 0 45 31
93 0 45 31
139 0 45 31
786 0 94 31
1 1 28 28
30 1 28 28
58 1 28 28
0 655 859 15
859 0 15 670
7 7 240 24
3 3 18 18
21 3 18 18
7 37 240 24
3 3 18 18
21 3 18 18
7 67 240 24
3 3 18 18
21 3 18 18
7 97 240 24
3 3 18 18
21 3 18 18
7 127 240 24
3 3 18 18
21 3 18 18
7 157 240 24
7 187 240 24
7 217 240 24
219 3 21 21
3 3 18 18
7 247 240 24
219 3 21 21
3 3 18 18
7 307 240 24
7 337 240 24
7 367 240 24
7 397 240 24
0 757 943 15
943 0 15 772
0 757 228 15
228 0 15 772
0 0 183 51
7 450 240 322
0 307 225 15
225 0 15 322
