1920 1080
197 49 1382 1037
0 0 199 199
0 33 148 922
152 33 1169 981
1 1 1022 42
1 45 505 885
507 45 1013 885
3 0 384 37
3 3 141 32
69 3 90 24
90 3 111 24
112 3 133 24
148 3 286 32
69 3 90 24
90 3 111 24
112 3 133 24
292 3 430 32
69 3 90 24
90 3 111 24
112 3 133 24
436 3 574 32
69 3 90 24
90 3 111 24
112 3 133 24
389 0 776 37
3 3 141 32
69 3 90 24
90 3 111 24
112 3 133 24
148 3 286 32
69 3 90 24
90 3 111 24
112 3 133 24
292 3 430 32
69 3 90 24
90 3 111 24
112 3 133 24
436 3 574 32
69 3 90 24
90 3 111 24
112 3 133 24
780 0 1007 37
3 3 141 32
69 3 90 24
90 3 111 24
112 3 133 24
148 3 286 32
69 3 90 24
90 3 111 24
112 3 133 24
292 3 430 32
69 3 90 24
90 3 111 24
112 3 133 24
436 3 574 32
69 3 90 24
90 3 111 24
112 3 133 24
0 919 1183 968
395 7 790 38
365 1 392 28
1085 0 1162 27
1 1 26 26
27 1 52 26
53 1 78 26
948 0 1076 31
3 3 26 26
27 3 50 26
3 0 299 33
294 0 886 29
1 0 208 27
209 0 347 27
347 0 485 27
486 0 624 27
-9 -9 1176 979
3 0 121 33
9 33 1163 926
1 925 1167 964
468 0 713 31
0 0 59 31
61 0 120 31
122 0 181 31
183 0 242 31
1085 0 1162 27
1 1 26 26
27 1 52 26
53 1 78 26
0 874 1135 893
1135 0 1154 893
9 9 137 40
3 3 26 26
27 3 50 26
9 49 137 80
3 3 26 26
27 3 50 26
9 88 137 119
3 3 26 26
27 3 50 26
9 128 137 159
3 3 26 26
27 3 50 26
9 168 137 199
3 3 26 26
27 3 50 26
9 207 137 238
9 247 137 278
9 286 137 317
100 3 123 26
3 3 26 26
9 326 137 357
100 3 123 26
3 3 26 26
9 405 137 436
9 484 137 515
9 523 137 554
9 563 137 594
0 821 485 840
485 0 504 840
0 821 487 840
487 0 506 840
