1920 1080
150 37 1598 956
3 0 340 30
1484 0 94 31
1 1 28 28
30 1 28 28
58 1 28 28
1279 30 199 150
0 31 1920 1080
0 102 258 753
1 1 1589 99
260 102 1123 753
1384 102 197 753
3 0 637 96
3 3 105 22
52 3 16 16
69 3 16 16
85 3 16 16
112 3 105 22
52 3 16 16
69 3 16 16
85 3 16 16
222 3 105 22
52 3 16 16
69 3 16 16
85 3 16 16
331 3 105 22
52 3 16 16
69 3 16 16
85 3 16 16
643 0 642 96
3 3 105 22
52 3 16 16
69 3 16 16
85 3 16 16
112 3 105 22
52 3 16 16
69 3 16 16
85 3 16 16
222 3 105 22
52 3 16 16
69 3 16 16
85 3 16 16
331 3 105 22
52 3 16 16
69 3 16 16
85 3 16 16
1290 0 288 96
3 3 105 22
52 3 16 16
69 3 16 16
85 3 16 16
112 3 105 22
52 3 16 16
69 3 16 16
85 3 16 16
222 3 105 22
52 3 16 16
69 3 16 16
85 3 16 16
331 3 105 22
52 3 16 16
69 3 16 16
85 3 16 16
0 888 1596 52
648 15 300 24
277 1 21 21
1373 0 105 30
3 3 24 24
27 3 24 24
538 0 504 30
936 43 240 567
0 0 88 43
88 0 91 43
179 0 102 43
281 0 117 43
398 0 106 43
398 157 900 750
3 0 124 30
9 33 874 670
1 703 885 30
348 0 186 31
0 0 45 31
46 0 45 31
93 0 45 31
139 0 45 31
786 0 94 31
1 1 28 28
30 1 28 28
58 1 28 28
0 655 859 15
859 0 15 670
7 7 240 24
3 3 18 18
21 3 18 18
7 37 240 24
3 3 18 18
21 3 18 18
7 67 240 24
3 3 18 18
21 3 18 18
7 97 240 24
3 3 18 18
21 3 18 18
7 127 240 24
3 3 18 18
21 3 18 18
502 184 655 637
3 0 233 30
541 0 94 31
1 1 28 28
30 1 28 28
58 1 28 28
624 35 15 586
7 187 240 24
7 217 240 24
7 247 240 24
219 3 21 21
3 3 18 18
7 277 240 24
219 3 21 21
3 3 18 18
7 157 240 24
7 307 240 24
7 337 240 24
7 367 240 24
7 397 240 24
7 427 240 24
0 738 1108 15
1108 0 15 753
0 738 182 15
182 0 15 753
0 0 89 51
7 450 240 303
0 288 225 15
225 0 15 303
